14 1144414411. 441414

mr& ’ 41 m mm· 141141 mm Penlnfflmm
114. 14, 4. lma 414 14444411, 1444441 aph a. 11,4. 41 11144 4414444114·
41· 1111 111411 w· 144114 ·
4114 1444444 Ad. 4, 4. 44 Prin· 4441 1441444444, mque 111141 adnm
444444441414,4114414414 4444414 4114, unoquo 1444111 41111144
1411444111 44114414 a 411 44 4114411444 ’ . 1141 111144 14111444, affl
11141 Δ.111,4,44 444,414411114114· 44111411114111144 4411444 .
ffi'fflfflssssss'ssiffnss‘f} mffiufffflffiffffi
11441441 thud 111411, 4141 1414444144· 4. 44
4414. 41 14444414 Ρ11.1,4.4411441441 114414. cut 414414 4444414444·
114111 ··“1···.’ 1411111· ὟὟ...1.·.·1.1·....·· ³² Ὗ
m· 1101111111ὶέ 1411111..ξῖ ffiassffm 11111 na'ffiffl
114144444444,141414 4441144444 441144- Regno. Quandoquidem 4414444411
4144 4444 41411141 114111, 4. 41. 44 11411444
114441. 14441444 Antiphila, 14 44414 neg-un. 1144144444, mh, 414
444144444444 141 44111441 14414 1144. 14 “ 14411441
114. 44 114411, 44144 0144 1414114114 44. 1411111414)44441114144444444
u 14444441 in 144444 1444141444, 44144 hist. 14
4.14 11441414. 1144441144 in 4414, bn,
11414114. Tun, 41 14 14144111 144141, 444414441411141 1111144 41 41144
4444441144141411111 Ph. 11, 4. 44 Cum 1114 1114411 14414411, 1441144444 affici«
14 441441 nihil 14141144,4114414 44111441 Ρ4. 11, M 111444 1441411 1144444414·
Pb, 1, m 114144 1414114444, 4111 put· 414 414441114414414 14111114 114411·
444441 44414 4414441141 114. 11, 4. 14 144 444444, 41411144, 41144111 444141 14444
11414114. Quin 1414444111 1141141414, 41 14144411444141 1144. 11, 4. 44
414441441441, qui referire 1144 44444414, 1141444. 11114111441444411 nieuw.
41411 Ad. 14, 4. 44 que 441414 44 14144114 4444111 M. 14,
1141414. 114444444444141414. 114- 4.11 .
1414444114 114. 411. 1114141. 411 1144114 11411414. 11444444441141414141*
1113114111..Ὗῶ 111 mffifflffl 11111
4,1. 1 necemque 4441141441 114. 1, 4. 14 1114144 44 4441 144 1411414114, 4414
441144 44441444414114444444414 Α.1,4.44
14111441 .111, 1. 44 Aa id 4441114114 1144414444, 4, 441. 1114141141 41 411-
441, 4111114 4111411144 me 11141444 414- mmmm 1411414441 1144.14,1.
114414414444 1444111414 144414, 44 · · ι
mmmmm „³5:¹²3 414Ὗῇ Ὗ· ····
141111, qu! 14141414 1111 444ιί1444 4141114111 1141144114. 44111414 14144444, 44444114
1141. 4, 4.4 414441 por 1414114 4411. 1114441 4444114141, 4444441444 Α. 1, 4.
44 11414111 1141444 1414414 114. Prona 4111411141114444 14441444444444,444
114114 1141 114 4411414 441 441114 41411441 444114441411 1144.1,1.44 4144114444.
1414114 11111444 Et 11444141, 41 14- 4144414,4111444414441 414141144414,ω
fertur· 4414 414114 114. 14, 4. 14 1144 1444144411111441 4144441414, 44141144
pom 44114 14 1114111444 11141141 1414111 114414, 4. 14 11411444114441 414114 414
414114 11111444 Quod 4414144 4114· 4111441141,4.44811144141444144444
14111 441,14 4141 4444 14141414 44141 Ph. 1414444411 41111, 4414 41111. hm 114.
11141. 44 111411 444441444144411141414 41444,
Refert 144 1144441 m 4411111 141411, 144 41114 141144444144441414ῤ4444 nu.
,444444414444 114.11,4.44141144 4444044411 4 eun 44444441414
14141414 141411 114. 4,4. 44 14 14414- 11141411441 1144. “, 4. 14 1141144411 414
1411 41411, 411441 1114 14441141 114. 14, 4. 44414, 41444 44111 Α.14,4.4 Qu! 41141
14 ’1444444 1111111 141411, 441411414ήά4· 14114411 11414, 44144444, 41414 114. 1, 4.
41444 1141,4.14 Quid 144, 41414111 44 mmmm: 1444411411441444·
14 1414111 Ph. 14, 4. 11 laomim, 1444ω1411414 1144111, 4. 41 114411144-
4414,4414441441144444111411441414· 144 14444 'aliquit-'numu m 1114

 

